Square Values


Footmen
t1
(
 0, 0,  0,  0,  0,  0,  0, 0, 0,
 5,10, 10,-20,-20,-20, 10,10, 5,
 5,-5,-10,  0,  0,  0,-10,-5, 5,
 0, 0,  0, 20, 20, 20,  0, 0, 0,
 0, 0,  0, 20, 20, 20,  0, 0, 0,
 5, 5, 10, 25, 25, 25, 10, 5, 5,
10,10, 20, 30, 30, 30, 20,10,10,
50,50, 50, 50, 50, 50, 50,50,50,
 0, 0,  0,  0,  0,  0,  0, 0, 0
)
t2
(
 0, 0,  0,  0,  0,  0,  0, 0, 0,
50,50, 50, 50, 50, 50, 50,50,50,
10,10, 20, 30, 30, 30, 20,10,10,
 5, 5, 10, 25, 25, 25, 10, 5, 5,
 0, 0,  0, 20, 20, 20,  0, 0, 0,
 0, 0,  0, 20, 20, 20,  0, 0, 0,
 5,-5,-10,  0,  0,  0,-10,-5, 5,
 5,10, 10,-20,-20,-20, 10,10, 5,
 0, 0,  0,  0,  0,  0,  0, 0, 0
)
----------------------------
Knight
t1&t2
(
 0, 0,  0,  0,  0,  0,  0, 0, 0,
 0, 5, 10, 10, 10, 10, 10, 5, 0,
 0, 5, 10, 20, 20, 20, 10, 5, 0,
 0, 5, 10, 25, 25, 25, 10, 5, 0,
 0,10, 20, 30, 30, 30, 20,10, 0,
 0, 5, 10, 25, 25, 25, 10, 5, 0,
 0, 5, 10, 20, 20, 20, 10, 5, 0,
 0, 5, 10, 10, 10, 10, 10, 5, 0,
 0, 0,  0,  0,  0,  0,  0, 0, 0
)
------------------------------
Mage
t1
(
 0, 0,  0,  5,  0,  5,  0, 0, 0,
 0, 0,  0,  0,  0,  0,  0, 0, 0,
 0, 0,  0,  0,  0,  0,  0, 0, 0,
10, 0, 10, 15,  0, 15, 10, 0,10,
 0, 0,  0,  0,  0,  0,  0, 0, 0,
 0, 0,  0,  0,  0,  0,  0, 0, 0,
30, 0, 30, 30,  0, 30, 30, 0,30,
 0, 0,  0,  0,  0,  0,  0, 0, 0,
 0, 0,  0,  0,  0,  0,  0, 0, 0
)
t2
(
 0, 0,  0,  0,  0,  0,  0, 0, 0,
 0, 0,  0,  0,  0,  0,  0, 0, 0,
30, 0, 30, 30,  0, 30, 30, 0,30,
 0, 0,  0,  0,  0,  0,  0, 0, 0,
 0, 0,  0,  0,  0,  0,  0, 0, 0,
10, 0, 10, 15,  0, 15, 10, 0,10,
 0, 0,  0,  0,  0,  0,  0, 0, 0,
 0, 0,  0,  0,  0,  0,  0, 0, 0,
 0, 0,  0,  5,  0,  5,  0, 0, 0
)
-----------------------------
Archmage
(
 0, 0,  0,  0,  0,  0,  0, 0, 0,
 0, 5,  5, 10, 10, 10,  5, 5, 0,
 0, 5,  5, 10, 10, 10,  5, 5, 0,
 0, 5,  5, 15, 15, 15,  5, 5, 0,
 0, 5, 10, 20, 20, 20, 10, 5, 0,
 0, 5,  5, 15, 15, 15,  5, 5, 0,
 0, 5,  5, 10, 10, 10,  5, 5, 0,
 0, 5,  5, 10, 10, 10,  5, 5, 0,
 0, 0,  0,  0,  0,  0,  0, 0, 0
)
---------------------
Captain
t1
(
 0, 0,  0,  5,  5,  5,  0, 0, 0,
 5, 0,  0,  0,  0,  0,  0, 0, 5,
-5, 0,  0,  0,  0,  0,  0, 0,-5,
-5, 0,  0,  0,  0,  0,  0, 0,-5,
-5, 0,  0,  0,  0,  0,  0, 0,-5,
-5, 0,  0,  0,  0,  0,  0, 0,-5,
-5, 0,  0,  0,  0,  0,  0, 0,-5,
-5,10, 10, 10, 10, 10, 10,10,-5,
 0, 0,  0,  0,  0,  0,  0, 0, 0
)
t2
(
 0, 0,  0,  0,  0,  0,  0, 0, 0,
 5,10, 10, 10, 10, 10, 10,10, 5,
-5, 0,  0,  0,  0,  0,  0, 0,-5,
-5, 0,  0,  0,  0,  0,  0, 0,-5,
-5, 0,  0,  0,  0,  0,  0, 0,-5,
-5, 0,  0,  0,  0,  0,  0, 0,-5,
-5, 0,  0,  0,  0,  0,  0, 0,-5,
-5, 0,  0,  0,  0,  0,  0, 0,-5,
 0, 0,  0,  5,  5,  5,  0, 0, 0
)
---------------------------
General
(
-20,-10,-10,-5,-5,-5,-10,-10,-20,
-10,  0,  0, 0, 0, 0,  0,  0,-10,
-10,  5,  5, 5, 5, 5,  5,  0,-10,
 -5,  0,  5, 5, 5, 5,  5,  0, -5,
 -5,  0,  5,10,10,10,  5,  0, -5,
 -5,  0,  5, 5, 5, 5,  5,  0, -5,
-10,  0,  5, 5, 5, 5,  5,  0,-10,
-10,  0,  0, 0, 0, 0,  0,  0,-10,
-20,-10,-10,-5,-5,-5,-10,-10,-20
)
-----------------------
King
t1
(
 20,  30,  10,   0,   0,   0,  10,  30,  20,
 20,  20,   0,   0,   0,   0,   0,  20,  20,
-10, -20, -20, -20, -20, -20, -20, -20, -10,
-20, -30, -30, -40, -40, -40, -30, -30, -20,
-30, -40, -40, -50, -50, -50, -40, -40, -30,
-30, -40, -40, -50, -50, -50, -40, -40, -30,
-30, -40, -40, -50, -50, -50, -40, -40, -30,
-30, -40, -40, -50, -50, -50, -40, -40, -30,
-30, -40, -40, -50, -50, -50, -40, -40, -30
)
t2
(
-30, -40, -40, -50, -50, -50, -40, -40, -30,
-30, -40, -40, -50, -50, -50, -40, -40, -30,
-30, -40, -40, -50, -50, -50, -40, -40, -30,
-30, -40, -40, -50, -50, -50, -40, -40, -30,
-30, -40, -40, -50, -50, -50, -40, -40, -30,
-20, -30, -30, -40, -40, -40, -30, -30, -20,
-10, -20, -20, -20, -20, -20, -20, -20, -10,
 20,  20,   0,   0,   0,   0,   0,  20,  20,
 20,  30,  10,   0,   0,   0,  10,  30,  20
)


